c_human = [91 201 91]/255;
c_indiv_p4 = [232 134 102]/255;
c_mw_p4 = [255 227 109]/255;
c_min = [255 0 0]/255;
c_net = [225 125 255]/255;
c_strehl8 = [97 158 232 ]/255;
c_strehl6 = c_human;
c_strehl9 = c_net;
c_strehl = [97 158 232 ]/255;
c_grey = [200 200 200]/255;
c_gray = [200 200 200]/255;
